bass_enable=false
bass_maxgain=5
compander_enable=false
compander_granularity=2
compander_response=95.0;200.0;400.0;800.0;1600.0;3400.0;7500.0;0;0;0;0;0;0;0
compander_time_freq_transforms=0
compander_timeconstant=0.22000
compression_aggressiveness=800
compression_enable=false
compression_maxatk=30
compression_maxrel=200
convolver_enable=false
convolver_file=
convolver_optimization_mode=0
convolver_waveform_edit=-80;-100;0;0;0;0
crossfeed_bs2b_fcut=700
crossfeed_bs2b_feed=60
crossfeed_enable=false
crossfeed_mode=0
ddc_enable=false
ddc_file=
graphiceq_enable=true
graphiceq_param=GraphicEQ: 20 -3; 21 -3.1; 22 -3.2; 23 -3.1; 24 -3.1; 26 -3.2; 27 -3.2; 29 -3.1; 30 -3.1; 32 -2.9; 34 -2.9; 36 -2.9; 38 -2.8; 40 -2.8; 43 -2.7; 45 -2.6; 48 -2.6; 50 -2.5; 53 -2.3; 56 -2.1; 59 -1.9; 63 -1.8; 66 -1.8; 70 -1.6; 74 -1.6; 78 -1.7; 83 -1.8; 87 -1.9; 92 -2.1; 97 -2.3; 103 -2.4; 109 -2.6; 115 -2.8; 121 -3; 128 -3.2; 136 -3.4; 143 -3.6; 151 -3.8; 160 -4; 169 -4.2; 178 -4.3; 188 -4.4; 199 -4.5; 210 -4.6; 222 -4.8; 235 -5; 248 -5.1; 262 -5.2; 277 -5.2; 292 -5.3; 309 -5.3; 326 -5.5; 345 -5.7; 364 -5.9; 385 -6.2; 406 -6.4; 429 -6.5; 453 -6.3; 479 -6.1; 506 -5.9; 534 -5.8; 565 -5.8; 596 -5.6; 630 -5.4; 665 -5.1; 703 -5.1; 743 -5.4; 784 -5.6; 829 -5.5; 875 -5; 924 -4.5; 977 -3.9; 1032 -3.4; 1090 -3.1; 1151 -2.8; 1216 -2.7; 1284 -2.8; 1357 -3.1; 1433 -3.3; 1514 -3.7; 1599 -3.7; 1689 -3.6; 1784 -3.3; 1885 -3.1; 1991 -2.6; 2103 -2; 2221 -1.7; 2347 -1.4; 2479 -1.5; 2618 -1.8; 2766 -2.1; 2921 -2.4; 3086 -2.5; 3260 -2.4; 3443 -2.2; 3637 -1.9; 3842 -1.5; 4058 -1.2; 4287 -0.9; 4528 -0.6; 4783 -0.3; 5052 -0.2; 5337 -0.3; 5637 -0.9; 5955 -2.6; 6290 -5.5; 6644 -5.7; 7018 -3.7; 7414 -2.6; 7831 -1.9; 8272 -1.4; 8738 -1.1; 9230 -0.7; 9749 -0.5; 10298 -0.5; 10878 -0.9; 11490 -1.3; 12137 -1.8; 12821 -2.5; 13543 -3.2; 14305 -4.1; 15110 -5.1; 15961 -6.2; 16860 -7.3; 17809 -8.6; 18812 -10; 19871 -11.5
liveprog_enable=false
liveprog_file=
master_enable=true
master_limrelease=60
master_limthreshold=0
master_postgain=0
reverb_bassboost=0.25000
reverb_decay=2.08000
reverb_delay=0.00000
reverb_enable=false
reverb_finaldry=-7.00000
reverb_finalwet=-9.00000
reverb_lfo_spin=0.70000
reverb_lfo_wander=0.30000
reverb_lpf_bass=600
reverb_lpf_damp=9000
reverb_lpf_input=18000
reverb_lpf_output=17000
reverb_osf=1
reverb_reflection_amount=0.30000
reverb_reflection_factor=1.00000
reverb_reflection_width=0.70000
reverb_wet=-8.00000
reverb_width=1.00000
stereowide_enable=false
stereowide_level=60
tone_enable=false
tone_eq=25.0;40.0;63.0;100.0;160.0;250.0;400.0;630.0;1000.0;1600.0;2500.0;4000.0;6300.0;10000.0;16000.0;0;0;0;0;0;0;0;0;0;0;0;0;0;0;0
tone_filtertype=0
tone_interpolation=0
tube_enable=false
tube_pregain=200
