bass_enable=false
bass_maxgain=5
compander_enable=false
compander_granularity=2
compander_response=95.0;200.0;400.0;800.0;1600.0;3400.0;7500.0;0;0;0;0;0;0;0
compander_time_freq_transforms=0
compander_timeconstant=0.22000
compression_aggressiveness=800
compression_enable=false
compression_maxatk=30
compression_maxrel=200
convolver_enable=false
convolver_file=
convolver_optimization_mode=0
convolver_waveform_edit=-80;-100;0;0;0;0
crossfeed_bs2b_fcut=700
crossfeed_bs2b_feed=60
crossfeed_enable=false
crossfeed_mode=0
ddc_enable=false
ddc_file=
graphiceq_enable=false
graphiceq_param=GraphicEQ: 20 -0.2; 21 -0.2; 22 -0.2; 23 -0.2; 24 -0.2; 26 -0.2; 27 -0.2; 29 -0.4; 30 -0.6; 32 -1; 34 -1.3; 36 -1.6; 38 -1.9; 40 -2.2; 43 -2.5; 45 -2.7; 48 -2.9; 50 -3.1; 53 -3.3; 56 -3.6; 59 -3.8; 63 -3.9; 66 -4.1; 70 -4.2; 74 -4; 78 -4; 83 -4.2; 87 -4.6; 92 -5; 97 -5.3; 103 -5.5; 109 -5.8; 115 -6; 121 -6.3; 128 -6.5; 136 -6.6; 143 -6.7; 151 -6.6; 160 -6.7; 169 -7.1; 178 -7.1; 188 -7.2; 199 -7.3; 210 -7.4; 222 -7.4; 235 -7.3; 248 -7.2; 262 -7.1; 277 -7; 292 -6.8; 309 -6.7; 326 -6.5; 345 -6.4; 364 -6.3; 385 -6.2; 406 -6.2; 429 -6.2; 453 -6.2; 479 -6.2; 506 -6.2; 534 -6.3; 565 -6.4; 596 -6.5; 630 -6.6; 665 -6.5; 703 -6.2; 743 -6.5; 784 -6.8; 829 -7; 875 -7.3; 924 -7.5; 977 -7.7; 1032 -7.9; 1090 -8.2; 1151 -8.4; 1216 -8.5; 1284 -8.7; 1357 -8.9; 1433 -8.9; 1514 -8.8; 1599 -8.3; 1689 -7.6; 1784 -7; 1885 -6.9; 1991 -7.3; 2103 -7.8; 2221 -8.3; 2347 -8.2; 2479 -7.9; 2618 -7.4; 2766 -7.2; 2921 -7.3; 3086 -7.6; 3260 -7.4; 3443 -7; 3637 -6.6; 3842 -6.2; 4058 -5.7; 4287 -5; 4528 -5.4; 4783 -6.9; 5052 -7.7; 5337 -7.6; 5637 -6.8; 5955 -4; 6290 -3.2; 6644 -3.6; 7018 -2.4; 7414 -1.6; 7831 -1.3; 8272 -0.6; 8738 -0.2; 9230 -0.2; 9749 -0.2; 10298 -0.2; 10878 -0.2; 11490 -0.2; 12137 -0.4; 12821 -1.3; 13543 -2.4; 14305 -3.7; 15110 -5.2; 15961 -6.9; 16860 -8.7; 17809 -10.8; 18812 -13; 19871 -15.5
liveprog_enable=false
liveprog_file=
master_enable=true
master_limrelease=60
master_limthreshold=0
master_postgain=0
reverb_bassboost=0.25000
reverb_decay=2.09000
reverb_delay=0.00000
reverb_enable=false
reverb_finaldry=-7.00000
reverb_finalwet=-9.00000
reverb_lfo_spin=0.70000
reverb_lfo_wander=0.30000
reverb_lpf_bass=600
reverb_lpf_damp=9000
reverb_lpf_input=18000
reverb_lpf_output=17000
reverb_osf=1
reverb_reflection_amount=0.30000
reverb_reflection_factor=1.00000
reverb_reflection_width=0.70000
reverb_wet=-8.00000
reverb_width=1.00000
stereowide_enable=false
stereowide_level=60
tone_enable=false
tone_eq=25.0;40.0;63.0;100.0;160.0;250.0;400.0;630.0;1000.0;1600.0;2500.0;4000.0;6300.0;10000.0;16000.0;0;0;0;0;0;0;0;0;0;0;0;0;0;0;0
tone_filtertype=0
tone_interpolation=0
tube_enable=false
tube_pregain=200
